v3.0 hex words addressed
00: 77 77 77 77 77 77 77 77 77 77 77 77 77 77 77 77
10: 77 77 77 77 77 77 77 77 77 77 77 77 77 77 77 77
20: 77 77 77 77 77 77 77 77 77 77 77 77 77 77 77 77
30: 77 77 77 77 77 77 77 77 77 77 77 77 77 77 77 77
40: 77 77 77 77 77 77 77 77 77 77 77 77 77 77 77 77
50: 77 77 77 77 77 77 77 77 77 77 77 77 77 77 77 77
60: 77 77 77 77 41 41 41 41 41 41 41 41 41 41 41 41
70: 41 41 41 41 41 41 41 41 41 41 41 41 41 41 41 41
80: 41 41 41 41 41 41 41 41 41 41 41 41 41 41 41 41
90: 41 41 41 41 41 41 41 41 41 41 41 41 41 41 41 41
a0: 41 41 41 41 41 41 41 41 41 41 41 41 41 41 41 41
b0: 41 41 41 41 41 41 41 41 41 41 41 41 41 41 41 41
c0: 41 41 41 41 41 41 41 41 3b 3b 3b 3b 3b 3b 3b 3b
d0: 3b 3b 3b 3b 3b 3b 3b 3b 3b 3b 3b 3b 3b 3b 3b 3b
e0: 3b 3b 3b 3b 3b 3b 3b 3b 3b 3b 3b 3b 3b 3b 3b 3b
f0: 3b 3b 3b 3b 3b 3b 3b 3b 3b 3b 3b 3b 3b 3b 3b 3b
